0  
-0.0458  0  
0  -0.0458  0  
0  0  -0.0458  0  
0  0  0  -0.0458  0  
0  0  0  0  -0.0458  0  
0  0  0  0  0  -0.0458  0  
0  0  0  0  0  0  -0.0458  0  
0  0  0  0  0  0  0  -0.0458  0  
0  0  0  0  0  0  0  0  -0.0458  0  
0  0  0  0  0  0  0  0  0  -0.0458  0  
0  0  0  0  0  0  0  0  0  0  -0.0458  0  
0  0  0  0  0  0  0  0  0  0  0  -0.0458  0  
0  0  0  0  0  0  0  0  0  0  0  0  -0.0458  0  
0  0  0  0  0  0  0  0  0  0  0  0  0  -0.0458  0  
0  0  0  0  0  0  0  0  0  0  0  0  0  0  -0.0458  0  
0  0  0  0  0  0  0  0  0  0  0  0  0  0  0  -0.0458  0  
0  0  0  0  0  0  0  0  0  0  0  0  0  0  0  0  -0.0458  0  
0  0  0  0  0  0  0  0  0  0  0  0  0  0  0  0  0  -0.0458  0  
0  0  0  0  0  0  0  0  0  0  0  0  0  0  0  0  0  0  -0.0458  0  
